13.5
12.35
11.7667
11.425
11.2
10.9167
10.7429
10.6875
10.5222
10.33
10.2636
10.25
10.1
10.0214
9.94
9.8125
9.87059
9.77778
9.78421
9.705
9.67619
9.61364
9.55217
9.49167
9.484
9.45769
9.4037
9.38571
9.37931
9.37333
9.32903
9.31563
9.25152
9.22353
9.15143
9.17778
9.12973
9.12368
9.11538
9.085
9.0878
9.04286
8.99535
9.00909
8.97333
8.96957
8.9766
8.97083
8.9449
8.918
8.9098
8.87308
8.86415
8.84074
8.84182
8.81607
8.78421
8.77759
8.7661
8.74
8.7377
8.74032
8.72698
8.70937
8.71692
8.69091
8.68806
8.66324
8.67681
8.67857
8.66338
8.63194
8.61507
8.61216
8.60667
8.60395
8.5987
8.58333
8.57595
8.5575
8.55185
8.53537
8.51446
8.50833
8.49412
8.49186
8.48621
8.46364
8.47191
8.47667
8.45055
8.45109
8.44301
8.4383
8.43474
8.41042
8.41546
8.40816
8.4
8.392
8.39109
8.37059
8.36019
8.36635
8.36476
8.36887
8.34486
8.34537
8.32844
8.33182
8.32432
8.31875
8.32124
8.30789
8.31826
8.30603
8.29145
8.28051
8.26975
8.26667
8.26694
8.2541
8.25203
8.24597
8.248
8.24206
8.23701
8.23281
8.21628
8.21385
8.20076
8.19924
8.19098
8.20373
8.19704
8.19044
8.17299
8.17391
8.16691
8.15857
8.16099
8.14718
8.14965
8.13819
8.13931
8.13562
8.12245
8.11959
8.11342
8.09933
8.10066
8.09079
8.0902
8.08831
8.08258
8.07115
8.08089
8.07089
8.07736
8.07812
8.07391
8.06605
8.07239
8.06951
8.06727
8.06807
8.06287
8.05714
8.06331
8.05
8.0462
8.0436
8.03584
8.03736
8.03486
8.03466
8.02486
8.03202
8.01955
8.00833
8.00608
8.00659
7.99727
8
7.98757
7.97419
7.97166
7.97181
7.9672
7.96316
7.95969
7.95677
7.9513
7.94278
7.94564
7.94337
7.95228
7.94242
7.93467
7.938
7.93035
7.92277
7.92069
7.91618
7.91854
7.91456
7.90531
7.90721
7.9
7.89667
7.88957
7.88726
7.89061
7.88551
7.88326
7.88426
7.88848
7.8922
7.88311
7.87409
7.87149
7.87793
7.87354
7.86562
7.86044
7.86283
7.85419
7.85307
7.84541
7.83522
7.82814
7.82586
7.8279
7.82906
7.82553
7.83136
7.82996
7.83613
7.8272
7.82667
7.82531
7.82025
7.80947
7.81148
7.80939
7.80772
7.80243
7.80645
7.7996
7.7976
7.7992
7.79008
7.7913
7.78661
7.78549
7.78125
7.78016
7.77674
7.77838
7.77846
7.77893
7.77786
7.77757
7.77538
7.7717
7.7688
7.76442
7.75373
7.75428
7.75185
7.7476
7.7489
7.74029
7.74051
7.73964
7.73732
7.73394
7.72914
7.72832
7.72857
7.72242
7.71809
7.71837
7.71655
7.71088
7.71189
7.71498
7.71458
7.71488
7.71172
7.70859
7.70753
7.70683
7.71395
7.70678
7.70203
7.70135
7.70302
7.70368
7.70033
7.69601
7.6957
7.69505
7.69145
7.68918
7.68497
7.68371
7.68247
7.68673
7.68129
7.67846
7.67949
7.67444
7.6672
7.66508
7.66329
7.65899
7.65881
7.65549
7.64562
7.6433
7.63758
7.6387
7.64043
7.63846
7.63037
7.6318
7.62835
7.62584
7.62424
7.62326
7.62108
7.62282
7.61976
7.61582
7.61518
7.61306
7.61065
7.6059
7.61206
7.60997
7.60731
7.60525
7.60523
7.60435
7.60058
7.59885
7.59741
7.59713
7.59029
7.58917
7.58778
7.58697
7.58814
7.58563
7.58539
7.58599
7.58408
7.57716
7.57556
7.57867
7.57983
7.57769
7.57527
7.57479
7.57268
7.56866
7.56821
7.56802
7.57
7.56873
7.56559
7.55871
7.55829
7.55573
7.55372
7.55066
7.55238
7.54749
7.54684
7.54934
7.54817
7.54935
7.54661
7.54597
7.54508
7.54315
7.54175
7.54062
7.53872
7.5376
7.53469
7.53232
7.52741
7.52684
7.52727
7.52796
7.52839
7.52632
7.52275
7.52419
7.52239
7.52382
7.52079
7.52123
7.51921
7.51892
7.51667
7.51565
7.51268
7.51241
7.51383
7.51453
7.51522
7.50843
7.50841
7.51031
7.50622
7.50024
7.5
7.49739
7.4981
7.49716
7.49434
7.49129
7.49085
7.48946
7.48738
7.48928
7.48372
7.48376
7.48125
7.48152
7.47949
7.47793
7.47339
7.47185
7.4742
7.47244
7.47318
7.47211
7.47172
7.46862
7.46509
7.46247
7.46368
7.46331
7.46473
7.46347
7.45956
7.45521
7.45133
7.4543
7.45727
7.46
7.45702
7.45208
7.45022
7.45054
7.4513
7.44967
7.45173
7.45335
7.45022
7.44817
7.44592
7.44604
7.44423
7.44051
7.43915
7.43737
7.43644
7.43467
7.43165
7.42905
7.42605
7.42474
7.42594
7.41921
7.41937
7.42037
7.41888
7.41636
7.41426
7.41608
7.41955
7.41561
7.41619
7.40982
7.40837
7.40631
7.40427
7.40527
7.40182
7.3996
7.39738
7.39557
7.39398
7.39519
7.392
7.39182
7.39283
7.39185
7.39345
7.39426
7.39012
7.39014
7.39016
7.389
7.38804
7.38943
7.38672
7.38752
7.38541
7.38427
7.38295
7.38066
7.37819
7.37688
7.37346
7.37428
7.37165
7.37094
7.37099
7.3699
7.36654
7.36205
7.36155
7.36068
7.35981
7.35763
7.35789
7.35553
7.35449
7.35514
7.35597
7.35084
7.35316
7.35102
7.35148
7.35268
7.35092
7.34825
7.34651
7.3444
7.34634
7.34826
7.34854
7.34663
7.344
7.34247
7.34203
7.34358
7.34152
7.34162
7.34442
7.34219
7.34301
7.34186
7.33821
7.33601
7.33683
7.33393
7.3344
7.33416
7.33375
7.33369
7.3338
7.33339
7.33035
7.32715
7.32535
7.32269
7.32265
7.32157
7.32188
7.31941
7.31851
7.31883
7.31759
7.31824
7.3201
7.31921
7.31781
7.31641
7.31502
7.31193
7.31003
7.30934
7.31169
7.31303
7.31402
7.31332
7.31195
7.31109
7.30973
7.30921
7.30753
7.30668
7.30667
7.30383
7.30382
7.299
7.29669
7.29504
7.29571
7.29671
7.29539
7.29557
7.29459
7.29149
7.29069
7.29021
7.28762
7.2878
7.28815
7.28266
7.27977
7.27932
7.27952
7.2781
7.27733
7.27624
7.27692
7.27728
7.27604
7.27416
7.27643
7.27568
7.27635
7.27623
7.27516
7.27457
7.27524
7.27276
7.27296
7.27284
7.26975
7.27089
7.27125
7.26927
7.26947
7.26998
7.27112
7.26915
7.26641
7.26569
7.26327
7.26364
7.26
7.26175
7.26196
7.25773
7.2578
7.25679
7.25716
7.25586
7.25532
7.25402
7.25288
7.25129
7.25317
7.25128
7.24955
7.24827
7.247
7.24678
7.24401
7.24574
7.24522
7.24471
7.24509
7.24309
7.2408
7.23822
7.23891
7.23722
7.23938
7.23594
7.23456
7.23407
7.23299
7.23265
7.23158
7.23139
7.23061
7.22882
7.22762
7.22772
7.22826
7.23039
7.2263
7.22626
7.22493
7.22374
7.2227
7.22224
7.22063
7.22361
7.22614
7.22382
7.22336
7.21991
7.2196
7.2166
7.217
7.21612
7.21229
7.21072
7.20859
7.20717
7.20674
7.20617
7.20728
7.20755
7.20601
7.20642
7.20808
7.20876
7.20819
7.2068
7.20499
7.20443
7.20345
7.20166
7.20138
7.20055
7.2022
7.19973
7.19753
7.19904
7.1985
7.19905
7.19796
7.19633
7.19375
7.19403
7.19079
7.19229
7.19203
7.19204
7.19191
7.18991
7.19059
7.19221
7.19316
7.1929
7.19278
7.19146
7.18893
7.19055
7.1887
7.18991
7.18912
7.18781
7.18862
7.18943
7.18813
7.18735
7.18553
7.18357
7.18176
7.18283
7.18037
7.17974
7.17598
7.17419
7.17474
7.17373
7.17299
7.17224
7.16956
7.16947
7.16951
7.16903
7.16907
7.16898
7.16864
7.16688
7.16769
7.16607
7.16381
7.16488
7.16352
7.16166
7.16132
7.16163
7.16053
7.15932
7.15848
7.15689
7.15619
7.15435
7.15277
7.15346
7.15038
7.14831
7.14937
7.14881
7.147
7.14607
7.14838
7.14844
7.14851
7.14621
7.14553
7.14362
7.14394
7.14326
7.14284
7.1418
7.14101
7.14108
7.14226
7.14086
7.14056
7.14088
7.14083
7.14066
7.13732
7.13532
7.13589
7.13414
7.13289
7.13188
7.13015
7.12963
7.13056
7.13052
7.1294
7.1278
7.12716
7.12437
7.12674
7.1279
7.12596
7.12581
7.12733
7.12503
7.12655
7.1264
7.12411
7.12337
7.12322
7.12071
7.1208
7.12054
7.11958
7.1192
7.12047
7.12139
7.11901
7.11805
7.1185
7.11836
7.11787
7.1154
7.11469
7.11385
7.11395
7.11312
7.11067
7.10892
7.11146
7.10948
7.10704
7.10715
7.10553
7.10322
7.10425
7.10253
7.10321
7.10206
7.10297
7.104
7.10285
7.10353
7.10273
7.10102
7.09875
7.09591
7.09524
7.09479
7.09468
7.09435
7.09266
7.09278
7.09245
7.09089
7.09169
7.09248
7.09159
7.09059
7.09027
7.08838
7.08783
7.08852
7.08875
7.08598
7.08867
7.08801
7.08647
7.08649
7.08827
7.0874
7.08687
7.0849
7.08447
7.08152
7.07934
7.08013
7.07939
7.08007
7.08206
7.08186
7.08275
7.0819
7.08017
7.07802
7.07685
7.07568
7.07646
7.07573
7.07522
7.07405
7.07279
7.07195
7.07435
7.07384
7.07258
7.07261
7.07275
7.07267
7.07345
7.07112
7.07147
7.07022
7.07015
7.06986
7.06957
7.06982
7.06794
7.06787
7.06663
7.06635
7.06723
7.06727
7.06646
7.06681
7.06547
7.06393
7.06355
7.0618
7.06258
7.06272
7.06203
7.06364
7.0643
7.06371
7.06208
7.06264
7.05998
7.0594
7.06068
7.06031
7.05994
7.05853
7.05847
7.05728
7.05773
7.05654
7.05617
7.05612
7.05688
7.05395
7.05338
7.05374
7.05521
7.05332
7.05296
7.05372
7.05244
7.05188
7.05071
7.04975
7.04746
7.04721
7.04595
7.04611
7.04566
7.04591
7.04526
7.04502
7.04527
7.04332
7.04418
7.04423
7.04238
7.04314
7.0435
7.04246
7.04152
7.04068
7.04104
7.04199
7.04056
7.03952
7.03978
7.03855
7.03733
7.03798
7.03785
7.03534
7.0356
7.03576
7.03396
7.03569
7.03487
7.03415
7.03343
7.03154
7.032
7.0306
7.02998
7.02898
7.02807
7.02707
7.02656
7.02682
7.0268
7.02541
7.02703
7.02662
7.02544
7.02531
7.02539
7.02353
7.0236
7.02223
7.02327
7.02171
7.02102
7.02042
7.02059
7.01981
7.01931
7.01948
7.01784
7.01773
7.01629
7.01732
7.01683
7.01747
7.01736
7.01687
7.01686
7.01552
7.01607
7.01568
7.01462
7.01414
7.01356
7.01402
7.01316
7.0139
7.01266
7.01237
7.01124
7.01197
7.01019
7.00999
7.00933
7.01053
7.01006
7.00884
7.00743
7.00724
7.00742
7.0088
7.00852
7.00657
7.00675
7.00572
7.00406
7.00406
7.00396
7.00386
7.00312
7.00349
7.00394
7.00284
7.00128
7.00073
6.99909
6.99845
6.99772
6.99891
6.99745
6.99791
6.99527
6.99482
6.99474
6.99347
6.99447
6.99385
6.99313
6.99169
6.99125
6.98927
6.98856
6.98713
6.98696
6.98553
6.98636
6.98628
6.98539
6.98603
6.9856
6.98445
6.985
6.98376
6.98351
6.98397
6.98327
6.98329
6.98179
6.98199
6.98138
6.9814
6.98097
6.98134
6.98004
6.97961
6.97981
6.97982
6.98028
6.98021
6.9804
6.97981
6.97912
6.97862
6.97688
6.97655
6.97657
6.97581
6.976
6.97594
6.97474
6.97476
6.9747
6.97489
6.97352
6.97277
6.97262
6.97316
6.97266
6.97061
6.96969
6.96808
6.96836
6.96693
6.96644
6.96371
6.96418
6.96343
6.96166
6.96247
6.96182
6.96176
6.96085
6.96063
6.96032
6.95976
6.95937
6.9577
6.95731
6.95726
6.95611
6.95539
6.95534
6.95343
6.95389
6.95402
6.95338
6.95283
6.9516
6.95223
6.95008
6.94971
6.94882
6.94987
6.94916
6.94795
6.94816
6.94845
6.94849
6.9477
6.94616
6.94654
6.947
6.94604
6.94659
6.94597
6.9451
6.94481
6.9442
6.94499
6.94462
6.94599
6.94545
6.94484
6.94406
6.9427
6.94217
6.94107
6.94095
6.93961
6.93933
6.93864
6.93648
6.938
6.93773
6.93835
6.93725
6.93804
6.93687
6.93692
6.93697
6.9358
6.93659
6.93712
6.93474
6.93609
6.93574
6.93522
6.93503
6.93541
6.93393
6.93349
6.93274
6.93263
6.9314
6.9317
6.93256
6.93149
6.9313
6.92951
6.92917
6.92906
6.92824
6.92742
6.92804
6.92817
6.92815
6.92709
6.92651
6.92641
6.92687
6.92391
6.92389
6.92268
6.92393
6.92439
6.92318
6.92379
6.92346
6.92147
6.92145
6.92049
6.92063
6.91967
6.91832
6.9183
6.9168
6.91804
6.91732
6.91707
6.91761
6.91697
6.91594
6.91694
6.91646
6.91403
6.91495
6.91463
6.91376
6.91344
6.91343
6.91342
6.9131
6.91441
6.91471
6.91384
6.9136
6.91405
6.91319
6.91241
6.91202
6.91293
6.91223
6.91122
6.91029
6.91021
6.90805
6.90828
6.90865
6.9078
6.9091
6.90871
6.90718
6.90633
6.9061
6.90564
6.90548
6.90563
6.90562
6.90645
6.90501
6.90402
6.90409
6.90469
6.90348
6.9031
6.90234
6.90219
6.90271
6.90143
6.90233
6.90233
6.90263
6.90248
6.90068
6.90165
6.90037
6.90037
6.89948
6.89813
6.89821
6.89768
6.89746
6.89672
6.89635
6.89583
6.89546
6.89561
6.89547
6.89532
6.89562
6.89563
6.89637
6.89563
6.89416
6.89475
6.8949
6.89461
6.89322
6.89307
6.89411
6.89301
6.89419
6.89243
6.89258
6.89134
6.89003
6.89018
6.89026
6.88917
6.8883
6.88685
6.88715
6.88702
6.88717
6.88674
6.88712
6.88582
6.88539
6.88475
6.88331
6.88238
6.88217
6.8824
6.88198
6.88236
6.88251
6.88238
6.88131
6.88075
6.88105
6.88056
6.87986
6.87886
6.87888
6.8799
6.87877
6.87749
6.87722
6.87595
6.87554
6.87384
6.874
6.87373
6.87447
6.87477
6.87336
6.87488
6.87553
6.87655
6.87528
6.8753
6.87532
6.87527
6.87535
6.87417
6.8727
6.87357
6.87401
6.87488
6.87489
6.87583
6.87542
6.8746
6.87496
6.87407
6.8731
6.8734
6.87321
6.87155
6.87164
6.87124
6.86979
6.87002
6.86899
6.86909
6.8689
6.86739
6.86643
6.86715
6.86544
6.86477
6.86396
6.86391
6.86331
6.86341
6.86343
6.86325
6.86259
6.86206
6.86064
6.86087
6.86062
6.86003
6.85985
6.85994
6.85977
6.85924
6.85769
6.85765
6.8572
6.85696
6.85767
6.85729
6.8565
6.85619
6.85533
6.85522
6.85409
6.85344
6.85334
6.85425
6.85422
6.85404
6.85258
6.85187
6.85136
6.8518
6.85278
6.85166
6.85081
6.84909
6.84818
6.84848
6.84858
6.84882
6.84805
6.84815
6.84791
6.84721
6.84704
6.84668
6.84564
6.84581
6.84558
6.84568
6.84465
6.84314
6.84311
6.84349
6.84286
6.8435
6.84407
6.84264
6.84314
6.84311
6.84202
6.84106
6.84077
6.84008
6.84012
6.83903
6.83834
6.83786
6.83717
6.83708
6.83633
6.83578
6.83608
6.83586
6.83491
6.83456
6.83401
6.83425
6.83469
6.83473
