-476034998 -476034067 -476033920 -476043083 -476034263 -476034606 -476033871 -476043083 -476042005 -476042103 -476042054 -476041858 -476041711 -476042054 
-476034998 -476034067 -476033920 -476043083 -476034263 -476034998 -476034116 -476034116 -476043083 -476034508 -476040290 -476034067 -476041466 -476034508 -476042054 -476042054 -476041907 -476041907 -476043083 -476043083 -476043083 -476043083 -476043083 -476043083 -476043083 -476043083 
-476034949 -476034998 -476033871 -476034508 -476043083 -476034018 -476034116 -476034312 -476034165 -476033871 -476034998 -476034998 -476033920 -476043083 -476034116 -476034998 -476034018 -476034165 -476034998 -476033969 -476034508 -476034998 -476034949 -476034998 -476033871 -476034508 
-476034410 -476034165 -476033871 -476043083 -476042054 -476041711 -476041662 -476041662 -476041711 -476042054 -476041760 -476042005 -476042005 
-476034018 -476034263 -476034606 -476043083 -476041515 -476034508 -476033822 -476034067 -476034998 -476034508 
-476033920 -476034263 -476034606 -476033871 -476043083 -476041662 -476042299 -476042054 -476042299 -476042054 -476042299 -476043083 

-476034949 -476033871 -476034361 -476034655 -476034998 -476033871 -476043083 -476033920 -476034263 -476034606 -476033871 -476042495 -476043083 -476034116 -476034949 -476034606 -476043083 -476034018 -476034263 -476034606 -476043083 -476034116 -476034998 -476033920 -476034312 -476043083 
-476034459 -476033822 -476034704 -476034606 -476033871 -476043083 -476034949 -476034998 -476033871 -476034361 -476034655 -476043083 -476034263 -476034606 -476033871 -476043083 -476041711 -476042299 -476042054 -476042299 -476042054 -476042299 -476043083 -476043083 -476043083 -476043083 
-476034263 -476034998 -476038232 -476034067 -476033920 -476043083 -476034018 -476034263 -476034606 -476043083 -476041711 -476042299 -476042054 -476042299 
-476041662 -476042299 -476042054 -476042299 
