14771786 14693377 14692754 14766001 14693021 14692398 14693733 14766001 14767959 14767781 14767870 14768226 14768493 14767870 
14771786 14693377 14692754 14766001 14693021 14771786 14693288 14693288 14766001 14692576 14770184 14693377 14768938 14692576 14767870 14767870 14768137 14768137 
14771875 14771786 14693733 14692576 14766001 14693466 14693288 14692932 14693199 14693733 14771786 14771786 14692754 14766001 14693288 14771786 14693466 14693199 14771786 14693555 14692576 14771786 14771875 14771786 14693733 14692576 
14771964 14693199 14693733 14766001 14767870 14768493 14768582 14768582 14768493 14767870 14767514 14767959 14767959 
14693466 14693021 14692398 14766001 14768849 14692576 14693822 14693377 14771786 14692576 
14692754 14693021 14692398 14693733 14766001 14768582 14767425 14767870 14767425 14767870 14767425 14766001 

14771875 14693733 14692843 14692309 14771786 14693733 14766001 14692754 14693021 14692398 14693733 14767069 14766001 14693288 14771875 14692398 14766001 14693466 14693021 14692398 14766001 14693288 14771786 14692754 14692932 
14692665 14693822 14692220 14692398 14693733 14766001 14771875 14771786 14693733 14692843 14692309 14766001 14693021 14692398 14693733 14766001 14768493 14767425 14767870 14767425 14767870 14767425 14766001 
14693021 14771786 14685812 14693377 14692754 14766001 14693466 14693021 14692398 14766001 14768493 14767425 14767870 14767425 
14768582 14767425 14767870 14767425 
14771786 14693377 14692754 14766001 14693021 14692398 14693733 14766001 14767959 14767781 14767870 14768226 14768493 14767870 
14771786 14693377 14692754 14766001 14693021 14771786 14693288 14693288 14766001 14692576 14770184 14693377 14768938 14692576 14767870 14767870 14768137 14768137 
14771875 14771786 14693733 14692576 14766001 14693466 14693288 14692932 14693199 14693733 14771786 14771786 14692754 14766001 14693288 14771786 14693466 14693199 14771786 14693555 14692576 14771786 14771875 14771786 14693733 14692576 
14771964 14693199 14693733 14766001 14767870 14768493 14768582 14768582 14768493 14767870 14767514 14767959 14767959 
14693466 14693021 14692398 14766001 14768849 14692576 14693822 14693377 14771786 14692576 
14692754 14693021 14692398 14693733 14766001 14768582 14767425 14767870 14767425 14767870 14767425 14766001 

14771875 14693733 14692843 14692309 14771786 14693733 14766001 14692754 14693021 14692398 14693733 14767069 14766001 14693288 14771875 14692398 14766001 14693466 14693021 14692398 14766001 14693288 14771786 14692754 14692932 
14692665 14693822 14692220 14692398 14693733 14766001 14771875 14771786 14693733 14692843 14692309 14766001 14693021 14692398 14693733 14766001 14768493 14767425 14767870 14767425 14767870 14767425 14766001 
14693021 14771786 14685812 14693377 14692754 14766001 14693466 14693021 14692398 14766001 14768493 14767425 14767870 14767425 
14768582 14767425 14767870 14767425 
